loc data homology
1 0.318881 1
6 0.318984 1
11 0.3213 1
16 0.343637 1
21 0.355235 1
26 0.362049 1
31 0.360439 1
36 0.367006 1
41 0.373829 1
46 0.364877 1
51 0.363861 1
56 0.366541 1
61 0.367684 1
66 0.384329 1
71 0.429798 1
76 0.467366 1
81 0.48507 1
86 0.477505 1
91 0.508264 1
96 0.538626 1
101 0.555423 1
106 0.602608 1
111 0.704737 1
116 0.755436 1
121 0.795572 1
126 0.79741 1
131 0.787234 1
136 0.787059 1
141 0.701748 1
146 0.612918 1
151 0.610393 1
156 0.578367 1
161 0.571238 1
166 0.569052 1
171 0.567413 1
176 0.567043 1
181 0.559907 1
186 0.591008 1
191 0.610942 1
196 0.621907 1
201 0.641942 1
206 0.721527 1
211 0.731276 1
216 0.739827 1
221 0.712602 1
226 0.643241 1
231 0.615224 1
236 0.591057 1
241 0.582759 1
246 0.567167 1
251 0.552628 1
256 0.542119 1
261 0.519587 1
266 0.510856 1
271 0.504844 1
276 0.491847 1
281 0.484747 1
286 0.483136 1
291 0.484268 1
296 0.488831 1
301 0.49591 1
306 0.488534 1
311 0.479134 1
316 0.488459 1
321 0.517104 1
326 0.541567 1
331 0.582754 1
336 0.665688 1
341 0.685868 1
346 0.689082 1
351 0.642546 1
356 0.632933 1
361 0.604726 1
366 0.54466 1
371 0.513487 1
376 0.497495 1
381 0.503262 1
386 0.507089 1
391 0.499945 1
396 0.511299 1
401 0.523955 1
406 0.529259 1
411 0.531611 1
416 0.531308 1
421 0.537874 1
426 0.541988 1
431 0.57198 1
436 0.61396 1
441 0.584912 1
446 0.567436 1
451 0.579697 1
456 0.622089 1
461 0.633462 1
466 0.611431 1
471 0.619394 1
476 0.640259 1
481 0.639937 1
486 0.639188 1
491 0.631682 1
496 0.597951 1
501 0.582299 1
506 0.571976 1
511 0.56211 1
516 0.551991 1
521 0.541236 1
526 0.5376 1
531 0.536187 1
536 0.535706 1
541 0.53918 1
546 0.556183 1
551 0.616904 1
556 0.64177 1
561 0.628038 1
566 0.634371 1
571 0.660417 1
576 0.668645 1
581 0.67412 1
586 0.691963 1
591 0.724956 1
596 0.758756 1
601 0.763601 1
606 0.77546 1
611 0.840373 1
616 0.920091 1
621 0.983993 1
626 0.960188 1
631 0.892108 1
636 0.838475 1
641 0.831237 1
646 0.811768 1
651 0.799223 1
656 0.769056 1
661 0.7538 1
666 0.771082 1
671 0.781735 1
676 0.765819 1
681 0.786083 1
686 0.815761 1
691 0.805915 1
696 0.817228 1
701 0.830189 1
706 0.838568 1
711 0.834414 1
716 0.831885 1
721 0.844544 1
726 0.820512 1
731 0.819993 1
736 0.882359 1
741 0.89499 1
746 0.899732 1
751 0.886655 1
756 0.881827 1
761 0.879519 1
766 0.841914 1
771 0.82168 1
776 0.832074 1
781 0.848048 1
786 0.850435 1
791 0.844583 1
796 0.860443 1
801 0.866289 1
806 0.844233 1
811 0.814295 1
816 0.776188 1
821 0.759451 1
826 0.732816 1
831 0.721538 1
836 0.723272 1
841 0.703882 1
846 0.723094 1
851 0.709454 1
856 0.708797 1
861 0.700097 1
866 0.681515 1
871 0.684605 1
876 0.680648 1
881 0.582129 1
886 0.523875 1
891 0.513205 1
896 0.51277 1
901 0.50326 1
906 0.50982 1
911 0.515467 1
916 0.511135 1
921 0.4937 1
926 0.466842 1
931 0.465443 1
936 0.460719 1
941 0.462305 1
946 0.453657 1
951 0.445158 1
956 0.441307 1
961 0.439329 1
966 0.436984 1
971 0.435033 1
976 0.44474 1
981 0.467829 1
986 0.506443 1
991 0.486499 1
996 0.470803 1
1001 0.444683 1
1006 0.434578 1
1011 0.425568 1
1016 0.415988 1
1021 0.393137 1
1026 0.391861 1
1031 0.393052 1
1036 0.426194 1
1041 0.479076 1
1046 0.508136 1
1051 0.499762 1
1056 0.494505 1
1061 0.489672 1
1066 0.476943 1
1071 0.481778 1
1076 0.517803 1
1081 0.527346 1
1086 0.516604 1
1091 0.537108 1
1096 0.527707 1
1101 0.518818 1
1106 0.481509 1
1111 0.478233 1
1116 0.467296 1
1121 0.459936 1
1126 0.451598 1
1131 0.443062 1
1136 0.447309 1
1141 0.444994 1
1146 0.445242 1
1151 0.432247 1
1156 0.411039 1
1161 0.414693 1
1166 0.424015 1
1171 0.435587 1
1176 0.445589 1
1181 0.453516 1
1186 0.453766 1
1191 0.459732 1
1196 0.461977 1
1201 0.50626 1
1206 0.528856 1
1211 0.536187 1
1216 0.544909 1
1221 0.553526 1
1226 0.548185 1
1231 0.546059 1
1236 0.548112 1
1241 0.542397 1
1246 0.531964 1
1251 0.532039 1
1256 0.523925 1
1261 0.516795 1
1266 0.522152 1
1271 0.527397 1
1276 0.53514 1
1281 0.552072 1
1286 0.576893 1
1291 0.59075 1
1296 0.629842 1
1301 0.667367 1
1306 0.656243 1
1311 0.653444 1
1316 0.651904 1
1321 0.663936 1
1326 0.607214 1
1331 0.56977 1
1336 0.554061 1
1341 0.55874 1
1346 0.571137 1
1351 0.600034 1
1356 0.624974 1
1361 0.650333 1
1366 0.72893 1
1371 0.856265 1
1376 0.911866 1
1381 0.936234 1
1386 0.931895 1
1391 1.01368 1
1396 1.06344 1
1401 1.19303 1
1406 1.72162 1
1411 1.93854 1
1416 2.05541 1
1421 2.20661 1
1426 2.36859 1
1431 2.43266 1
1436 2.77698 1
1441 2.81705 1
1446 2.83958 1
1451 2.81512 1
1456 3.1302 1
1461 2.82986 1
1466 2.6256 1
1471 2.60313 1
1476 2.39667 1
1481 2.30425 1
1486 2.13281 1
1491 1.82361 1
1496 1.65461 1
1501 1.50334 1
1506 1.41761 1
1511 1.12158 1
1516 0.877655 1
1521 0.808566 1
1526 0.741878 1
1531 0.67917 1
1536 0.627904 1
1541 0.515815 1
1546 0.464046 1
1551 0.441103 1
1556 0.441006 1
1561 0.4356 1
1566 0.429581 1
1571 0.421836 1
1576 0.419785 1
1581 0.421788 1
1586 0.425339 1
1591 0.425216 1
1596 0.420337 1
1601 0.422703 1
1606 0.443946 1
1611 0.448146 1
1616 0.452523 1
1621 0.472256 1
1626 0.478997 1
1631 0.487354 1
1636 0.491256 1
1641 0.49689 1
1646 0.498599 1
1651 0.545263 1
1656 0.602305 1
1661 0.586428 1
1666 0.576692 1
1671 0.584483 1
1676 0.581296 1
1681 0.590846 1
1686 0.569316 1
1691 0.585852 1
1696 0.678661 1
1701 0.773314 1
1706 0.912731 1
1711 1.10584 1
1716 1.36214 1
1721 1.48197 1
1726 1.47063 1
1731 1.5222 1
1736 1.87252 1
1741 2.10312 1
1746 2.19698 1
1751 2.38556 1
1756 2.36571 1
1761 2.5112 1
1766 2.50108 1
1771 2.37915 1
1776 2.60879 1
1781 2.73911 1
1786 3.12936 1
1791 3.78808 1
1796 4.83211 1
1801 5.27368 1
1806 6.4068 1
1811 8.55098 1
1816 8.94409 1
1821 9.37802 1
1826 9.65289 1
1831 10.7289 1
1836 11.0305 1
1841 10.041 1
1846 8.96712 1
1851 7.68004 1
1856 6.77413 1
1861 6.764 1
1866 6.29224 1
1871 4.82792 1
1876 3.60292 1
1881 3.1697 1
1886 2.89787 1
1891 2.62023 1
1896 2.47179 1
1901 1.85695 1
1906 1.71768 1
1911 1.65392 1
1916 1.46977 1
1921 1.2834 1
1926 1.2082 1
1931 1.17045 1
1936 1.148 1
1941 1.09758 1
1946 0.999401 1
1951 0.880094 1
1956 0.816533 1
1961 0.798409 1
1966 0.799907 1
1971 0.796509 1
1976 0.775539 1
1981 0.775214 1
1986 0.804265 1
1991 0.803611 1
1996 0.772072 1
2001 0.773677 1
2006 0.805586 1
2011 0.81068 1
2016 0.799159 1
2021 0.921375 1
2026 1.01208 1
2031 1.05959 1
2036 1.05676 1
2041 1.19874 1
2046 1.24215 1
2051 1.26128 1
2056 1.25372 1
2061 1.21183 1
2066 1.12803 1
2071 1.09732 1
2076 1.11374 1
2081 1.09509 1
2086 1.07703 1
2091 1.13655 1
2096 1.13405 1
2101 1.16939 1
2106 1.22839 1
2111 1.2838 1
2116 1.42871 1
2121 1.60247 1
2126 1.68397 1
2131 1.70765 1
2136 1.72325 1
2141 1.71943 1
2146 1.80041 1
2151 1.85955 1
2156 1.93868 1
2161 2.11372 1
2166 2.23502 1
2171 2.31396 1
2176 2.42559 1
2181 2.57012 1
2186 3.06395 1
2191 3.34197 1
2196 3.3731 1
2201 3.40161 1
2206 3.40373 1
2211 3.50535 1
2216 3.59664 1
2221 3.69177 1
2226 3.76554 1
2231 3.82268 1
2236 3.8929 1
2241 4.02536 1
2246 4.42435 1
2251 4.6179 1
2256 5.30194 1
2261 6.4831 1
2266 7.32074 1
2271 7.43789 1
2276 7.16254 1
2281 7.07441 1
2286 7.13089 1
2291 7.52178 1
2296 8.24534 1
2301 7.87031 1
2306 7.30771 1
2311 7.21389 1
2316 7.84513 1
2321 7.76769 1
2326 7.6602 1
2331 7.70514 1
2336 5.77839 1
2341 3.9127 1
2346 3.49637 1
2351 3.25395 1
2356 3.00823 1
2361 2.25581 1
2366 1.91491 1
2371 1.61908 1
2376 1.53212 1
2381 1.46116 1
2386 1.44808 1
2391 1.4267 1
2396 1.45335 1
2401 1.39497 1
2406 1.36796 1
2411 1.36622 1
2416 1.38012 1
2421 1.42923 1
2426 1.4422 1
2431 1.43068 1
2436 1.44189 1
2441 1.43204 1
2446 1.40986 1
2451 1.41909 1
2456 1.37792 1
2461 1.39707 1
2466 1.38857 1
2471 1.40558 1
2476 1.38032 1
2481 1.59075 1
2486 1.53245 1
2491 1.40213 1
2496 1.36226 1
2501 1.34047 1
2506 1.28343 1
2511 1.27228 1
2516 1.24606 1
2521 1.18449 1
2526 1.14743 1
2531 1.11539 1
2536 1.08508 1
2541 1.0606 1
2546 1.05467 1
2551 1.01191 1
2556 0.975633 1
2561 0.930815 1
2566 0.873988 1
2571 0.842213 1
2576 0.807237 1
2581 0.761052 1
2586 0.720471 1
2591 0.706463 1
2596 0.709312 1
2601 0.72833 1
2606 0.728011 1
2611 0.661994 1
2616 0.58263 1
2621 0.57377 1
2626 0.568797 1
2631 0.566262 1
2636 0.570076 1
2641 0.572422 1
2646 0.574964 1
2651 0.567903 1
2656 0.57317 1
2661 0.582157 1
2666 0.569461 1
2671 0.576361 1
2676 0.55808 1
2681 0.540337 1
2686 0.532936 1
2691 0.538924 1
2696 0.550792 1
2701 0.550135 1
2706 0.541079 1
2711 0.514722 1
2716 0.523365 1
2721 0.551069 1
2726 0.564005 1
2731 0.671861 1
2736 0.801977 1
2741 0.906721 1
2746 0.742704 1
2751 0.679905 1
2756 0.46451 1
2761 0.30739 1
2766 0.289801 1
2771 0.274735 1
2776 0.275744 1
2781 0.286554 1
2786 0.290432 1
2791 0.284456 1
2796 0.282123 1
2801 0.271473 1
2806 0.262963 1
2811 0.268376 1
2816 0.273704 1
2821 0.273114 1
2826 0.283379 1
2831 0.330072 1
2836 0.345217 1
2841 0.343393 1
2846 0.349457 1
2851 0.369952 1
2856 0.378135 1
2861 0.403665 1
2866 0.513618 1
2871 0.639296 1
2876 0.729288 1
2881 0.824878 1
2886 0.83884 1
2891 0.867201 1
2896 0.893602 1
2901 0.919751 1
2906 1.01259 1
2911 1.42266 1
2916 1.65816 1
2921 1.74514 1
2926 1.8035 1
2931 1.90695 1
2936 2.07075 1
2941 2.2659 1
2946 2.52233 1
2951 2.66128 1
2956 2.82184 1
2961 2.92644 1
2966 2.99538 1
2971 3.17178 1
2976 3.15395 1
2981 3.146 1
2986 3.3822 1
2991 3.81861 1
2996 4.40202 1
3001 4.48901 1
3006 4.94538 1
3011 5.47134 1
3016 6.03394 1
3021 6.39816 1
3026 7.06409 1
3031 7.70398 1
3036 7.93958 1
3041 8.32381 1
3046 8.58117 1
3051 8.49442 1
3056 8.34502 1
3061 8.3092 1
3066 8.14162 1
3071 7.80505 1
3076 7.30506 1
3081 7.39943 1
3086 7.25972 1
3091 6.65051 1
3096 5.90067 1
3101 4.93459 1
3106 4.20645 1
3111 4.05437 1
3116 3.84606 1
3121 3.54814 1
3126 3.49089 1
3131 3.49177 1
3136 3.41997 1
3141 2.89023 1
3146 1.83874 1
3151 1.59129 1
3156 1.50533 1
3161 1.38419 1
3166 1.33941 1
3171 1.24026 1
3176 1.135 1
3181 1.06217 1
3186 0.998006 1
3191 0.961429 1
3196 0.966254 1
3201 0.972255 1
3206 1.01714 1
3211 1.00796 1
3216 0.952483 1
3221 0.919231 1
3226 0.931087 1
3231 0.9166 1
3236 0.889294 1
3241 0.889876 1
3246 0.888193 1
3251 0.873974 1
3256 0.752652 1
3261 0.652222 1
3266 0.636304 1
3271 0.593617 1
3276 0.50555 1
3281 0.43448 1
3286 0.392376 1
3291 0.438428 1
3296 0.448964 1
3301 0.459246 1
3306 0.437246 1
3311 0.411843 1
3316 0.407787 1
3321 0.383656 1
3326 0.377516 1
3331 0.37221 1
3336 0.353539 1
3341 0.363098 1
3346 0.348892 1
3351 0.341823 1
3356 0.347654 1
3361 0.349734 1
3366 0.343322 1
3371 0.336931 1
3376 0.342622 1
3381 0.355371 1
3386 0.365205 1
3391 0.39727 1
3396 0.420998 1
3401 0.432412 1
3406 0.442241 1
3411 0.46851 1
3416 0.494214 1
3421 0.494959 1
3426 0.499696 1
3431 0.500912 1
3436 0.481716 1
3441 0.423747 1
3446 0.386772 1
3451 0.368813 1
3456 0.363317 1
3461 0.36349 1
3466 0.364257 1
3471 0.364002 1
3476 0.363115 1
3481 0.362214 1
3486 0.366911 1
3491 0.385613 1
3496 0.384487 1
3501 0.389005 1
3506 0.391078 1
3511 0.44205 1
3516 0.482291 1
3521 0.585716 1
3526 0.851484 1
3531 0.928197 1
3536 1.12256 1
3541 1.31189 1
3546 1.29842 1
3551 1.26217 1
3556 1.34023 1
3561 1.45728 1
3566 1.51286 1
3571 1.51823 1
3576 1.36846 1
3581 1.09487 1
3586 1.0055 1
3591 0.803997 1
3596 0.756922 1
3601 0.697942 1
3606 0.657276 1
3611 0.644819 1
3616 0.631689 1
3621 0.582435 1
3626 0.493076 1
3631 0.482455 1
3636 0.480623 1
3641 0.463067 1
3646 0.441084 1
3651 0.434335 1
3656 0.373884 1
3661 0.340712 1
3666 0.331734 1
3671 0.310932 1
3676 0.308133 1
3681 0.308495 1
3686 0.30178 1
3691 0.298042 1
3696 0.291195 1
3701 0.291022 1
3706 0.291839 1
3711 0.29746 1
3716 0.301831 1
3721 0.296298 1
3726 0.308378 1
3731 0.338505 1
3736 0.338806 1
3741 0.343098 1
3746 0.346338 1
3751 0.363689 1
3756 0.366 1
3761 0.342631 1
3766 0.33815 1
3771 0.346862 1
3776 0.336887 1
3781 0.32724 1
3786 0.315919 1
3791 0.309619 1
3796 0.292371 1
3801 0.278392 1
3806 0.279541 1
3811 0.277753 1
3816 0.275514 1
3821 0.274528 1
3826 0.293134 1
3831 0.301601 1
3836 0.295828 1
3841 0.315496 1
3846 0.363237 1
3851 0.398077 1
3856 0.415909 1
3861 0.447703 1
3866 0.527896 1
3871 0.474088 1
3876 0.513624 1
3881 0.560946 1
3886 0.562337 1
3891 0.517005 1
3896 0.543426 1
3901 0.536433 1
3906 0.526021 1
3911 0.523095 1
3916 0.512175 1
3921 0.505802 1
3926 0.510618 1
3931 0.515146 1
3936 0.515257 1
3941 0.516899 1
3946 0.531485 1
3951 0.541345 1
3956 0.537829 1
3961 0.529445 1
3966 0.5132 1
3971 0.517882 1
3976 0.522943 1
3981 0.513662 1
3986 0.533216 1
3991 0.512075 1
3996 0.487382 1
